-14.956521739130439	35.46666666666667
-14.037267080745348	34.044444444444444
-13.043478260869566	32.17777777777778
-12.024844720496898	29.955555555555556
-11.031055900621125	27.46666666666667
-10.012422360248454	24.888888888888886
-9.018633540372678	22.399999999999995
-8.0248447204969	19.466666666666665
-7.031055900621121	16.266666666666662
-6.012422360248451	12.888888888888879
-5.018633540372674	8.977777777777774
-4.024844720496898	5.1555555555555515
-3.0062111801242217	0.17777777777777004
-2.012422360248447	-6.933333333333344
-1.0186335403726687	-22.488888888888923
0.9937888198757783	-22.488888888888894
1.987577639751553	-6.933333333333358
3.006211180124229	0.17777777777775583
4.0000000000000036	5.244444444444412
4.993788819875778	8.977777777777746
6.0124223602484435	12.88888888888886
7.006211180124222	16.266666666666637
8.000000000000004	19.466666666666637
9.018633540372669	22.399999999999967
10.01242236024845	24.888888888888857
11.006211180124222	27.466666666666633
12.024844720496894	29.955555555555517
13.018633540372672	32.177777777777735
14.037267080745348	34.0444444444444
15.031055900621123	35.466666666666626
15.776397515527943	36.26666666666662
