0.08502432415410825	13.559322033904209
0.1720276836062730	311.86440677966584
0.2579068477831769	596.6101694915315
0.3449150459524517	962.7118644067859
0.4307925972236515	1274.5762711864472
0.516673374306259	1600.0000000000064
0.6036815724755338	1884.745762711872
0.6895607366524368	2237.288135593227
0.7743076410255629	2576.271186440686
0.8624351957529892	2915.2542372881435
0.9494369422994506	3294.9152542372963
1.034180620861169	3606.779661016958
1.1234194676182312	3945.762711864416
1.2081405655001005	4257.627118644077
1.2939858586572328	4542.372881355942
1.3572311170984908	4813.559322033908