Inlet axial velocity	Flow coefficient at midspan	Turbine inlet pressure	Turbine inlet density	Incidence angle at midspan	Lift coefficient at midspan	Drag coefficient at midspan	CIF at midspan	Axial force coefficient	Tangential force coefficient	Torque	Power	Static-to-static pressure drop	Total-to-static pressure drop	Input coefficient	Torque coefficient	Efficiency
-16	-0.194017454	101325	1.224978126	0.19163655	-1.028197683	0.018431322	1.028197683	-1.570532082	-0.275598993	13.22030249	4983.93662	-4018.307777	-4175.104977	1.621089017	0.27316487	86.85147154
-15	-0.181891364	101325	1.224978126	0.179924339	-1.001177914	0.017222964	1.001177914	-1.532097625	-0.251532059	12.09279837	4558.877583	-3927.017588	-4064.827627	1.585234921	0.250970283	87.03954066
-14	-0.169765273	101325	1.224978126	0.168162014	-0.964655303	0.016113341	0.964655303	-1.478830829	-0.225712074	10.84924563	4090.069244	-3788.616286	-3908.664143	1.530651006	0.226095209	87.00942984
-13	-0.157639182	101325	1.224978126	0.156352528	-0.919360019	0.015091578	0.919360019	-1.411770512	-0.198861108	9.542477788	3597.429374	-3609.776123	-3713.286775	1.459773473	0.199632904	86.75259728
-12	-0.145513091	101325	1.224978126	0.14449891	-0.864517515	0.014134472	0.864517515	-1.329664887	-0.171336603	8.219092656	3098.524933	-3397.236608	-3485.435033	1.375132503	0.172566076	86.24001227
-11	-0.133387	101325	1.224978126	0.132604261	-0.803856975	0.013217195	0.803856975	-1.238189139	-0.144482877	6.927725304	2611.690911	-3160.606671	-3234.717848	1.280456007	0.145936157	85.44462346
-10	-0.121260909	101325	1.224978126	0.12067175	-0.739734017	0.01231642	0.739734017	-1.140953914	-0.119115968	5.71879326	2155.934267	-2913.709593	-2974.9585	1.181214527	0.120835976	84.36195904
-9	-0.109134818	101325	1.224978126	0.108704608	-0.679912094	0.011338004	0.679912094	-1.049923575	-0.096898671	4.603535472	1735.491987	-2659.040777	-2708.652392	1.078446339	0.097539551	82.87411075
-8	-0.097008727	101325	1.224978126	0.096706128	-0.609493826	0.010544579	0.609493826	-0.942214811	-0.074976391	3.565160444	1344.033823	-2386.783152	-2425.982452	0.968293649	0.075725561	80.61662423
-7	-0.084882636	101325	1.224978126	0.084679652	-0.533696531	0.009860825	0.533696531	-0.825852168	-0.054755805	2.604038416	981.699355	-2091.427008	-2121.438972	0.84859403	0.055432033	76.95590954
-6	-0.072756545	101325	1.224978126	0.072628572	-0.457744173	0.00924234	0.457744173	-0.708924863	-0.037210317	1.764976113	665.3803188	-1791.893158	-1813.942764	0.726972576	0.037642397	71.16839528
-5	-0.060630455	101325	1.224978126	0.060556324	-0.381658399	0.008774808	0.381658399	-0.591519839	-0.022233337	1.052655486	396.8417689	-1492.716528	-1508.028754	0.6053456	0.022486611	61.26744966
-4	-0.048504364	101325	1.224978126	0.048466379	-0.305461086	0.008419351	0.305461086	-0.47370955	-0.009906992	0.466669305	175.9301832	-1193.836051	-1203.635876	0.483795584	0.009982056	42.53802207
-3	-0.036378273	101325	1.224978126	0.036362238	-0.229174305	0.008203952	0.229174305	-0.355574201	-0.000206108	0.007486742	2.822435194	-895.187935	-900.7003366	0.362404263	0.000160306	1.215946457
-2	-0.024252182	101325	1.224978126	0.024247429	-0.152820286	0.00805672	0.152820286	-0.237189004	0.006743684	-0.320830476	-120.9502398	-596.7023962	-599.1523525	0.241251063	-0.006874666	-117.4982834
-1	-0.012126091	101325	1.224978126	0.012125497	-0.076421376	0.007948935	0.076421376	-0.118636042	0.01088755	-0.516588971	-194.749454	-298.3235531	-298.9360422	0.120420868	-0.011074206	-758.3855004
1	0.012126091	101627.2341	1.228632014	-0.012125497	0.076421376	0.007948935	0.076421376	0.118636042	0.01088755	-0.518129863	-195.3303564	299.2133983	299.8277143	0.120420868	-0.011074206	-758.3855004
2	0.024252182	101932.5735	1.232323443	-0.024247429	0.152820286	0.00805672	0.152820286	0.237189004	0.006743684	-0.322754266	-121.6754918	600.2803931	602.74504	0.241251063	-0.006874666	-117.4982834
3	0.036378273	102241.111	1.236053536	-0.036362238	0.229174305	0.008203952	0.229174305	0.355574201	-0.000206108	0.007554432	2.847953713	903.281609	908.8438499	0.362404263	0.000160306	1.215946457
4	0.048504364	102552.9462	1.239823498	-0.048466379	0.305461086	0.008419351	0.305461086	0.47370955	-0.009906992	0.472324818	178.0622613	1208.304015	1218.222603	0.483795584	0.009982056	42.53802207
5	0.060630455	102868.196	1.243634739	-0.060556324	0.381658399	0.008774808	0.381658399	0.591519839	-0.022233337	1.068687597	402.8857326	1515.450839	1530.996274	0.6053456	0.022486611	61.26744966
6	0.072756545	103186.9718	1.247488609	-0.072628572	0.457744173	0.00924234	0.457744173	0.708924863	-0.037210317	1.797409725	677.6075024	1824.821404	1847.276199	0.726972576	0.037642397	71.16839528
7	0.084882636	103509.4044	1.251386689	-0.084679652	0.533696531	0.009860825	0.533696531	0.825852168	-0.054755805	2.660177306	1002.863218	2136.514818	2167.173792	0.84859403	0.055432033	76.95590954
8	0.097008727	103830.0913	1.255263664	-0.096706128	0.609493826	0.010544579	0.609493826	0.942214811	-0.074976391	3.653303079	1377.262814	2445.792378	2485.960815	0.968293649	0.075725561	80.61662423
9	0.109134818	104127.7635	1.258862399	-0.108704608	0.679912094	0.011338004	0.679912094	1.049923575	-0.096898671	4.730874441	1783.497647	2732.592836	2783.576763	1.078446339	0.097539551	82.87411075
10	0.121260909	104411.1582	1.262288526	-0.12067175	0.739734017	0.01231642	0.739734017	1.140953914	-0.119115968	5.892976341	2221.599742	3002.455398	3065.569825	1.181214527	0.120835976	84.36195904
11	0.133387	104689.1971	1.265649904	-0.132604261	0.803856975	0.013217195	0.803856975	1.238189139	-0.144482877	7.157739947	2698.404388	3265.545274	3342.117093	1.280456007	0.145936157	85.44462346
12	0.145513091	104957.4587	1.268893078	-0.14449891	0.864517515	0.014134472	0.864517515	1.329664887	-0.171336603	8.513743676	3209.605751	3519.026113	3610.386415	1.375132503	0.172566076	86.24001227
13	0.157639182	105201.2728	1.271840691	-0.156352528	0.919360019	0.015091578	0.919360019	1.411770512	-0.198861108	9.907533272	3735.052049	3747.871133	3855.341672	1.459773473	0.199632904	86.75259728
14	0.169765273	105409.5423	1.274358585	-0.168162014	0.964655303	0.016113341	0.964655303	1.478830829	-0.225712074	11.28659281	4254.945246	3941.340329	4066.22747	1.530651006	0.226095209	87.00942984
15	0.181891364	105574.0747	1.276347714	-0.179924339	1.001177914	0.017222964	1.001177914	1.532097625	-0.251532059	12.59991116	4750.0546	4091.697489	4235.286606	1.585234921	0.250970283	87.03954066
16	0.194017454	105687.3138	1.27771673	-0.19163655	1.028197683	0.018431322	1.028197683	1.570532082	-0.275598993	13.78947207	5198.5085	4191.306737	4354.854478	1.621089017	0.27316487	86.85147154
