0.010276679841897216	0.003327338129496371
0.010485372023099307	0.014814635667975029
0.010805569174299173	0.030113263944278268
0.011125766325499047	0.048811587393093214
0.01144596347669892	0.057310825324372816
0.01167467572755597	0.0691403768940313
0.011857707509881396	0.08156474820143877
0.01208635777909866	0.09252195389681672
0.01208635777909866	0.10053552108916597
0.012315070029955716	0.11295481569895416
0.012549407114624482	0.12742805755395703
0.012646702793698436	0.13829642104099382
0.01288685065709834	0.15116669562264573
0.01304694923269828	0.1636727171501
0.013241106719367575	0.17374100719424468
0.013527244959498086	0.1838280528157058
0.013687343535098019	0.1954841505500321
0.014087589974097862	0.20659386870306173
0.014328063241106706	0.2182553956834533
0.014455816697977714	0.22884973031454087
0.014968132139897505	0.2365233279896391
0.015096211000377453	0.24764518791114204
0.015448427866697312	0.2544931453300587
0.01561264822134386	0.26411870503597124
0.015768625017897185	0.2723415449857458
0.01608882216909706	0.2804765298628276
0.016409019320296925	0.28946143853303746
0.016569117895896865	0.29893201794217755
0.01669960474308299	0.3077338129496403
0.01695335447733671	0.3190387865338904
0.017289561486096575	0.3306220336573771
0.017721827640216403	0.34249668322422194
0.018083003952569142	0.35404676258992807
0.018682419093816016	0.36537177502783724
0.018970596529895897	0.37487877974239714
0.019610990832295644	0.385381409471764
0.019960474308300384	0.3981115107913669
0.020411483710295324	0.4078436811472886
0.020923799152215115	0.42059253804420793
0.021211976588295003	0.4315201296701388
0.0217391304347826	0.4421762589928059
0.022172568041894616	0.45313247755253544
0.022844982059414348	0.46532281309968493
0.02313315949549423	0.47632325533645536
0.023715415019762827	0.48714028776978424
0.024665531576236473	0.4979182578353188
0.025854835280693142	0.5075761673866177
0.026975525309892688	0.5173017239336961
0.028063241106719358	0.5276079136690648
0.029056806792691854	0.5372992166091496
0.03033759539749134	0.5468669301660758
0.03149030514181088	0.5560946742057506
0.032258778304690566	0.5611942169645184
0.03310276679841896	0.5662769784172662
0.03466025693868961	0.5764928452408217
0.0364213412702889	0.5837779063247756
0.0381824256018882	0.5919128912018574
0.03982213438735176	0.5995503597122303
0.04170459426508678	0.6080614432712886
0.04362577717228601	0.6161964281483705
0.045546960079485235	0.6206888824834754
0.04666765010868479	0.6209317178529405
0.04822134387351777	0.6215827338129497
0.050349917347483314	0.6223887300697313
0.05227110025468254	0.6226315654391964
0.054192283161881766	0.62469566607965
0.055953367493481065	0.6253027545033129
0.058003952569169945	0.6260791366906475
0.06027602903467934	0.6266383490353711
0.062197211941878564	0.6274882728284991
0.06411839484907779	0.6276096905132316
0.06587947918067709	0.6267597667201037
0.06798418972332015	0.6260791366906475
0.07020214072187535	0.6253027545033129
0.07212332362907459	0.6236029069170569
0.07404450653627381	0.6223887300697313
0.0758055908678731	0.6218059251830149
0.07786561264822131	0.6206834532374101
0.08012825240907137	0.6186247818430217
0.0820494353162706	0.618017693419359
0.08397061822346982	0.6166820988873007
0.08573170255506912	0.6155407726508146
0.08784584980237152	0.6143884892086331
0.09005436409626738	0.6130395683453237
0.09197554700346662	0.6114611384438003
0.09389672991066586	0.6104897969659399
0.09565781424226513	0.6092756201186142
0.09782608695652173	0.608093525179856
0.09998047578346342	0.6057545072613698
0.10190165869066264	0.6044189127293116
0.10382284159786187	0.6028404828277882
0.10558392592946117	0.6018448578129812
0.10770750988142291	0.6004496402877697
0.10990658747065943	0.5989551169163462
0.11182777037785865	0.5977409400690205
0.11374895328505788	0.5968910162758925
0.11534993904105725	0.5956161305862007
0.11729249011857704	0.5950539568345323
0.11951250200665556	0.5932484857339155
0.12143368491385481	0.5913058027781946
0.12335486782105404	0.5902130436156015
0.12511595215265334	0.5888774490835432
0.12727272727272723	0.5878597122302158
0.1294386136938516	0.5860848423346943
0.13135979660105082	0.5853563362262988
0.13328097950825005	0.5842635770637057
0.13504206383984935	0.5826122965513428
0.13715415019762847	0.5815647482014388
0.13904452822984772	0.5798925404133334
0.14096571113704698	0.5778284397728798
0.1428868940442462	0.5750358330240308
0.14464797837584548	0.5728503146988446
0.14693675889328062	0.5698741007194243
0.14897063991704376	0.5676293542553443
0.150891822824243	0.5658080889843558
0.15281300573144221	0.5631368999202393
0.15441399148744156	0.5613763434916172
0.15652173913043477	0.5590827338129496
0.1585765544530399	0.5558518388362854
0.16049773736023912	0.5541519912500296
0.16241892026743837	0.5516022198706456
0.16418000459903764	0.5507037290036246
0.1663043478260869	0.5487410071942445
0.16850266614023593	0.5469883478508082
0.17042384904743516	0.5457741710034825
0.17234503195463438	0.5440743234172266
0.17410611628623368	0.5429815642546335
0.17598814229249007	0.5406474820143884
0.1777883835250322	0.5342394909538888
0.17970956643223143	0.5273186829241326
0.18163074933943066	0.5212477986875044
0.1827514393686302	0.5189408626775855
0.183498023715415	0.5123201438848918
0.18416030683390963	0.5002911063026636
0.18467262227582942	0.491743301297491
0.18544109543870912	0.4809128438193462
0.18595341088062892	0.4755947492280598
0.18646245059288538	0.4687050359712228
0.18707410090982848	0.45811060262657044
0.1877465149273482	0.44929567871498616
0.1885149880902279	0.4402622029708833
0.18883518524142776	0.43321997725639455
0.18942687747035572	0.4255395683453236
0.19059626957302706	0.4137931476991841
0.19251745248022628	0.4057795805068348
0.1944386353874255	0.4005586200633345
0.19634387351778657	0.39496402877697817
0.198281001201824	0.3879311808511477
0.2002021841090232	0.381981714299252
0.20212336701622244	0.3760322477473563
0.20324405704542198	0.3725111348901119
0.2040513833992095	0.36618705035971205
0.20436474707462154	0.3573946331409075
0.20452484565022147	0.3135021401100852
0.20452484565022147	0.3322004635589002
0.20452484565022147	0.33997119538178444
0.20452484565022147	0.3487132686825291
0.20454545454545453	0.322571942446043
0.20476499351362137	0.2936503486563108
0.20484504280142135	0.30354588996201487
0.2049407114624506	0.27670863309352484
0.20500514137702128	0.26614924306438476
0.20500514137702128	0.2869116671536534
0.20508519066482125	0.2546752718571573
0.20527197233635452	0.244294059812523
0.20532533852822116	0.2224388765606613
0.20533596837944662	0.2312949640287767
0.20548543710382108	0.20398338848131137
0.20548543710382108	0.2127254617820561
0.205725584967221	0.15796608596766915
0.20580563425502096	0.16852942453940234
0.20580563425502096	0.17727149784014706
0.20580563425502096	0.19596982128896212
0.2058300395256917	0.187230215827338
0.20612583140622082	0.13064710690284198
0.20612583140622082	0.15080244256844777
0.2061264822134387	0.14091726618705025
0.20618987083646081	0.12073942382866465
0.2064460285574207	0.1095204297593757
0.20652173913043476	0.09595323741007178
0.20660612713302065	0.08493334860103119
0.20676622570862058	0.07528064266479229
0.2068577106089634	0.06258382191847256
0.20869565217391303	0.057733812949640195
0.21108888724981884	0.05646090153124461
0.21301007015701806	0.055125306999186496
0.2149312530642173	0.05403254783659339
0.21653223882021666	0.052696953304535166
0.22101499893701484	0.050511434979348846
0.22293618184421407	0.04917584044729062
0.2248573647514133	0.04820449896943013
0.22645835050741267	0.04759741054576727
0.2284584980237154	0.046043165467625546
0.23062091347301103	0.0446833861121857
0.23254209638021026	0.04395488000379033
0.23446327928740948	0.04189077936333663
0.23622436361900875	0.041040855570208756
0.2384387351778656	0.03974820143884872
0.240547025160207	0.038612501875557426
0.24246820806740624	0.037398325028231816
0.24438939097460546	0.03642698355037122
0.2461504753062048	0.03594131281144097
0.24832015810276678	0.03435251798561123
0.2491389820507369	0.006072562367229972
0.24919234824260353	0.014814635667974696
0.24924571443447016	0.025256556554975274